/mnt/Ship2020/JPEGImages/1.tif 577,410,654,459,4,646,410,654,428,585,459,577,441,0.39491121 558,394,635,441,4,627,394,635,414,566,441,558,421,0.4410058 271,221,302,249,5,279,221,302,240,295,249,271,229,0.39861751 304,354,329,393,5,316,354,329,388,317,393,304,359,0.48512821 373,392,395,428,5,381,392,395,396,387,428,373,424,0.60606061 785,47,811,87,5,797,47,811,83,800,87,785,52,0.45528846 697,19,724,51,5,706,19,724,44,714,51,697,26,0.41666667 740,73,769,114,5,748,73,769,109,761,114,740,77,0.32506308 513,448,538,468,4,533,448,538,457,518,468,513,459,0.47 535,437,567,457,4,564,437,567,445,539,457,535,450,0.40234375 256,203,276,216,4,258,203,276,205,274,216,256,214,0.77692308 121,47,146,64,4,123,47,146,56,143,64,121,56,0.5
/mnt/Ship2020/JPEGImages/10.tif 831,449,879,538,5,854,449,879,531,857,538,831,455,0.47331461 853,435,906,519,5,884,435,906,510,874,519,853,445,0.5730009 826,513,858,553,4,842,513,858,521,842,553,826,545,0.5 889,466,921,505,4,909,466,921,498,901,505,889,473,0.58012821
/mnt/Ship2020/JPEGImages/100.tif 295,315,424,452,4,402,315,424,334,318,452,295,432,0.26710236 536,729,610,808,4,593,729,610,742,553,808,536,795,0.31867944 669,582,745,660,4,727,582,745,598,686,660,669,645,0.33746626 43,699,90,788,4,70,699,90,706,64,788,43,782,0.44549366
/mnt/Ship2020/JPEGImages/1000.tif 975,816,1015,928,4,1001,816,1015,924,989,928,975,820,0.63928571 880,862,905,927,4,880,862,905,862,905,927,880,927,1.0 888,970,916,1023,4,915,970,916,1023,889,1023,888,970,0.96428571
/mnt/Ship2020/JPEGImages/1001.tif 976,304,1015,416,4,1001,304,1015,412,990,416,976,308,0.63095238 880,350,905,415,4,880,350,905,350,905,415,880,415,1.0 887,458,918,522,4,916,458,918,522,890,522,887,458,0.91935484 898,545,928,614,4,923,545,928,612,903,614,898,547,0.81400966 875,543,912,616,5,886,543,912,546,902,616,875,612,0.69548315 922,751,953,820,4,949,751,953,818,927,820,922,752,0.83941094 147,942,185,1026,4,174,942,185,1022,158,1026,147,945,0.69298246
/mnt/Ship2020/JPEGImages/1002.tif 922,0,953,53,4,949,0,953,50,926,53,922,2,0.83597079 147,175,188,272,4,175,175,188,268,160,272,147,178,0.66972592
/mnt/Ship2020/JPEGImages/1003.tif 463,816,503,927,4,489,816,503,924,477,927,463,819,0.64189189 368,862,393,927,4,368,862,393,862,393,927,368,927,1.0 376,969,404,1023,4,403,969,404,1022,377,1023,376,970,0.94708995
/mnt/Ship2020/JPEGImages/1004.tif 463,304,503,416,4,489,304,503,412,477,416,463,308,0.63928571 368,350,393,415,4,368,350,393,350,393,415,368,415,1.0 375,458,406,522,4,404,458,406,522,378,522,375,458,0.91935484 386,545,417,614,4,411,545,417,612,392,614,386,547,0.7886863 363,543,400,616,5,374,543,400,546,390,616,363,612,0.69548315 410,751,441,820,4,437,751,441,818,415,820,410,752,0.83941094
/mnt/Ship2020/JPEGImages/1005.tif 386,33,417,102,4,411,33,417,100,392,102,386,35,0.7886863 363,31,400,104,5,374,31,400,34,390,104,363,100,0.69548315 410,239,441,308,4,437,239,441,306,415,308,410,240,0.83941094
/mnt/Ship2020/JPEGImages/1006.tif 410,0,441,53,4,437,0,441,50,414,53,410,2,0.83597079
/mnt/Ship2020/JPEGImages/1007.tif 886,692,951,931,4,920,692,951,926,916,931,886,696,0.52961056
/mnt/Ship2020/JPEGImages/1008.tif 939,226,1007,352,5,991,226,1007,345,956,352,939,232,0.73080065
/mnt/Ship2020/JPEGImages/1009.tif 374,692,439,931,4,408,692,439,927,404,931,374,697,0.52961056
/mnt/Ship2020/JPEGImages/101.tif 537,217,610,296,4,594,217,610,230,553,296,537,283,0.31160049 669,71,745,149,4,728,71,745,86,687,149,669,133,0.33746626 44,187,91,276,4,70,187,91,194,64,276,44,270,0.44549366
/mnt/Ship2020/JPEGImages/1010.tif 408,337,502,459,5,445,337,502,438,465,459,408,358,0.43024067 74,964,239,1017,4,236,964,239,1005,76,1017,74,977,0.75614637
/mnt/Ship2020/JPEGImages/1011.tif 782,671,803,710,4,794,671,803,707,791,710,782,674,0.56043956 74,452,239,505,4,236,452,239,493,76,505,74,465,0.75614637
/mnt/Ship2020/JPEGImages/1012.tif 67,645,127,869,4,91,645,127,648,103,869,67,865,0.596875 141,712,172,839,4,144,712,172,713,168,839,141,839,0.88404877
/mnt/Ship2020/JPEGImages/1013.tif 67,133,127,357,4,91,133,127,136,104,357,67,353,0.60494792 141,200,172,327,4,144,200,172,201,168,327,141,327,0.88404877
/mnt/Ship2020/JPEGImages/1014.tif 86,335,217,814,3,177,335,217,806,127,814,86,342,0.6848635
/mnt/Ship2020/JPEGImages/1015.tif 101,0,217,308,3,191,0,217,300,127,308,101,7,0.76242723 539,545,663,1027,3,632,545,663,1021,570,1027,539,551,0.74377593
/mnt/Ship2020/JPEGImages/1016.tif 621,93,859,357,2,656,93,859,326,823,357,621,124,0.23155399 302,0,391,198,2,343,0,391,187,350,198,302,11,0.4650437 193,0,287,206,2,235,0,287,194,244,206,193,11,0.45747263 876,391,1052,587,2,906,391,1052,563,1023,587,876,416,0.25071023 354,212,412,302,5,388,212,412,292,379,302,354,221,0.5612069 821,342,902,426,5,849,342,902,400,874,426,821,368,0.44121105
/mnt/Ship2020/JPEGImages/1017.tif 68,420,238,612,2,99,420,238,586,208,612,68,446,0.26623775 255,753,319,812,5,302,753,319,771,271,812,255,793,0.4096928 205,796,267,857,5,250,796,267,815,222,857,205,838,0.41485986 94,506,185,608,5,114,506,185,593,165,608,94,522,0.30494505 79,530,156,613,5,97,530,156,596,138,613,79,547,0.34282585
/mnt/Ship2020/JPEGImages/1018.tif 185,1,297,129,2,196,1,297,119,286,129,185,10,0.15785435 511,307,585,392,5,534,307,585,373,562,392,511,326,0.39538951 549,313,591,356,5,567,313,591,340,572,356,549,330,0.48615725 490,325,565,410,5,508,325,565,395,546,410,490,341,0.33905882 471,342,565,448,5,492,342,565,431,543,448,471,360,0.31829587 642,293,714,364,5,696,293,714,312,659,364,642,346,0.37695618
/mnt/Ship2020/JPEGImages/1019.tif 970,69,1029,141,4,987,69,1029,131,1013,141,970,79,0.34086629
/mnt/Ship2020/JPEGImages/102.tif 494,914,575,1036,4,519,914,575,1023,549,1036,494,928,0.35579842
/mnt/Ship2020/JPEGImages/1020.tif 543,385,638,514,4,618,385,638,397,564,514,543,501,0.27086903 457,528,541,634,4,514,528,541,544,485,634,457,617,0.38112084 297,797,370,891,4,352,797,370,809,315,891,297,879,0.31127951 761,588,915,794,4,883,588,915,610,793,794,761,772,0.27020552 843,658,895,724,5,881,658,895,667,856,724,843,716,0.32153263 849,668,912,747,5,895,668,912,679,867,747,849,735,0.34247539 893,677,920,714,5,912,677,920,682,901,714,893,709,0.35135135 27,500,99,562,5,41,500,99,544,85,562,27,518,0.3718638 459,89,543,148,4,470,89,543,116,531,148,459,122,0.53692494 52,493,117,538,4,62,493,117,515,108,538,52,517,0.5157265
/mnt/Ship2020/JPEGImages/1021.tif 437,633,523,793,4,494,633,523,645,465,793,437,782,0.35563227
/mnt/Ship2020/JPEGImages/1022.tif 88,552,741,1150,1,201,552,741,1022,628,1150,88,680,0.31301377 500,417,537,497,5,517,417,537,422,520,497,500,492,0.53547297 507,156,577,302,5,530,156,577,163,553,302,507,294,0.64740705
/mnt/Ship2020/JPEGImages/1023.tif 0,882,66,960,5,17,882,66,946,48,960,0,896,0.3494561 0,844,66,921,5,17,844,66,906,48,921,0,859,0.35665092 13,823,88,904,5,35,823,88,886,67,904,13,840,0.37884774 150,808,216,874,5,201,808,216,823,166,874,150,858,0.35938935 49,822,96,870,5,68,822,96,852,76,870,49,841,0.48049645 252,800,279,825,4,271,800,279,809,260,825,252,816,0.44296296
/mnt/Ship2020/JPEGImages/1024.tif 549,19,612,95,4,562,19,612,85,598,95,549,29,0.28947368 530,22,595,100,4,547,22,595,89,579,100,530,34,0.32642998 490,50,550,131,4,507,50,550,121,534,131,490,59,0.32777778 458,69,517,142,4,475,69,517,132,500,142,458,79,0.34618064
/mnt/Ship2020/JPEGImages/1025.tif 249,76,403,282,4,371,76,403,98,281,282,249,260,0.27020552 331,146,383,212,5,370,146,383,155,345,212,331,204,0.32153263 337,156,400,235,5,383,156,400,167,355,235,337,223,0.34247539 381,165,408,202,5,400,165,408,170,389,202,381,197,0.35135135
/mnt/Ship2020/JPEGImages/1026.tif 540,914,680,1055,4,647,914,680,947,572,1055,540,1023,0.3556231
/mnt/Ship2020/JPEGImages/1027.tif 478,402,680,607,4,647,402,680,435,511,607,478,575,0.27010384
/mnt/Ship2020/JPEGImages/1028.tif 116,520,254,664,4,225,520,254,547,145,664,116,637,0.31884058 209,571,304,702,2,276,571,304,587,237,702,209,686,0.34487746 197,934,216,966,5,204,934,216,936,210,966,197,963,0.63322368 185,932,204,963,5,190,932,204,933,200,963,185,961,0.737691 193,967,207,989,5,198,967,207,969,202,989,193,987,0.61688312 182,964,198,987,5,187,964,198,967,193,987,182,984,0.63858696 168,960,189,986,5,178,960,189,965,180,986,168,981,0.52930403 152,732,185,815,5,160,732,185,734,178,815,152,812,0.75629792 185,918,223,935,4,186,918,223,924,221,935,185,930,0.6625387 163,989,180,1012,5,169,989,180,993,174,1012,163,1009,0.60230179 174,987,190,1013,5,179,987,190,990,185,1013,174,1010,0.64423077 186,993,200,1020,5,190,993,200,995,196,1020,186,1018,0.68253968 224,944,234,961,5,226,944,234,945,231,961,224,961,0.73529412
/mnt/Ship2020/JPEGImages/1029.tif 52,19,115,95,4,65,19,115,85,102,95,52,29,0.28362573 33,23,98,100,4,50,23,98,89,82,100,33,34,0.32417582 0,58,53,131,4,16,58,53,121,37,131,0,67,0.3534505 558,603,635,718,4,585,603,635,704,608,718,558,617,0.38701299
/mnt/Ship2020/JPEGImages/103.tif 25,217,98,296,4,82,217,98,230,41,296,25,283,0.31160049 157,70,233,149,4,216,70,233,86,175,149,157,133,0.33952365
/mnt/Ship2020/JPEGImages/1030.tif 816,670,855,695,5,851,670,855,679,819,695,816,687,0.36871795 915,620,960,653,5,953,620,960,631,922,653,915,642,0.38518519 974,597,1011,621,5,1008,597,1011,604,977,621,974,614,0.32545045
/mnt/Ship2020/JPEGImages/1031.tif 716,13,771,98,5,734,13,771,89,752,98,716,23,0.37294118 732,3,791,89,5,752,3,791,78,771,89,732,14,0.38017343 803,125,859,209,5,821,125,859,201,841,209,803,133,0.35544218 818,114,879,200,5,839,114,879,190,859,200,818,125,0.37609607 901,289,1027,388,5,921,289,1027,358,1007,388,901,319,0.36556037
/mnt/Ship2020/JPEGImages/1032.tif 722,606,971,1008,3,910,606,971,637,783,1008,722,977,0.28431137
/mnt/Ship2020/JPEGImages/1033.tif 27,914,168,1055,4,135,914,168,947,60,1055,27,1023,0.35664705 293,734,364,806,5,352,734,364,746,305,806,293,794,0.27934272
/mnt/Ship2020/JPEGImages/1034.tif 0,402,199,606,4,166,402,199,434,32,606,0,574,0.26894275
/mnt/Ship2020/JPEGImages/1035.tif 629,465,701,514,4,692,465,701,483,638,514,629,496,0.4005102 304,670,343,695,5,339,670,343,679,307,695,304,687,0.36871795 403,620,448,653,5,441,620,448,631,410,653,403,642,0.38518519 462,598,499,621,5,496,598,499,604,465,621,462,615,0.29964747 524,564,565,591,5,560,564,565,575,529,591,524,580,0.42999097 603,582,643,602,5,641,582,643,594,605,602,603,590,0.59 605,593,649,613,5,647,593,649,603,608,613,605,602,0.52215909 612,614,647,632,5,644,614,647,625,615,632,612,621,0.59206349 625,647,667,669,5,664,647,667,657,629,669,625,658,0.48106061 635,668,670,689,5,667,668,670,677,638,689,635,680,0.44081633 640,674,678,696,5,674,674,678,682,643,696,640,687,0.40729665 664,719,692,735,4,691,719,692,731,666,735,664,724,0.6953125
/mnt/Ship2020/JPEGImages/1036.tif 204,525,259,610,5,222,525,259,601,240,610,204,535,0.37294118 220,516,279,601,5,240,516,279,591,259,601,220,526,0.37686939 291,637,347,721,5,309,637,347,713,329,721,291,645,0.35544218 306,627,367,713,5,327,627,367,702,347,713,306,637,0.37609607 710,891,769,944,5,721,891,769,932,758,944,710,903,0.3284298 834,630,882,710,5,857,630,882,703,859,710,834,637,0.4828125 817,639,858,712,5,834,639,858,705,842,712,817,645,0.4198129 304,158,343,183,5,339,158,343,167,307,183,304,175,0.36871795 403,108,448,140,5,441,108,448,118,410,140,403,130,0.37083333 462,86,499,109,5,496,86,499,92,465,109,462,103,0.29964747 524,52,565,79,5,560,52,565,63,529,79,524,68,0.42999097 603,70,643,90,5,641,70,643,82,605,90,603,78,0.59 605,80,649,100,5,646,80,649,91,607,100,605,90,0.52215909 612,102,647,119,5,644,102,647,112,615,119,612,109,0.57310924 625,135,667,157,5,664,135,667,145,629,157,625,146,0.48106061 635,156,670,177,5,667,156,670,165,638,177,635,168,0.44081633 640,162,678,184,5,674,162,678,170,643,184,640,175,0.40729665 808,798,844,864,5,829,798,844,803,823,864,808,859,0.42929293 799,813,825,850,5,813,813,825,819,810,850,799,845,0.45945946 782,559,837,646,5,809,559,837,635,810,646,782,570,0.49320794 813,568,852,629,5,832,568,852,623,833,629,813,574,0.48970156 799,647,842,714,5,822,647,842,706,820,714,799,654,0.51804929
/mnt/Ship2020/JPEGImages/1037.tif 875,693,1083,1049,3,1022,693,1083,719,936,1049,875,1023,0.32346586
/mnt/Ship2020/JPEGImages/1038.tif 849,225,1060,605,3,999,225,1060,251,910,605,849,579,0.31795959 911,563,987,634,4,926,563,987,615,971,634,911,581,0.35822832
/mnt/Ship2020/JPEGImages/1039.tif 110,858,200,917,4,191,858,200,877,119,917,110,898,0.35762712
/mnt/Ship2020/JPEGImages/104.tif 0,403,95,553,4,24,403,95,540,70,553,0,416,0.29985965
/mnt/Ship2020/JPEGImages/1040.tif 110,346,200,405,4,191,346,200,365,119,405,110,386,0.35762712
/mnt/Ship2020/JPEGImages/1041.tif 118,465,189,514,4,181,465,189,483,126,514,118,496,0.39724059 12,564,52,591,5,48,564,52,575,16,591,12,580,0.42592593 91,582,131,602,5,129,582,131,594,93,602,91,590,0.59 93,593,137,613,5,135,593,137,603,96,613,93,602,0.52215909 100,614,135,632,5,132,614,135,625,103,632,100,621,0.59206349 113,647,155,669,5,152,647,155,657,117,669,113,658,0.48106061 123,668,158,689,5,155,668,158,677,126,689,123,680,0.44081633 128,674,166,696,5,163,674,166,682,132,696,128,687,0.40729665 156,716,186,735,4,184,716,186,730,159,735,156,722,0.6754386
/mnt/Ship2020/JPEGImages/1042.tif 198,891,256,944,5,208,891,256,932,246,944,198,903,0.32075472 322,630,370,710,5,345,630,370,703,347,710,322,637,0.4828125 306,639,347,712,5,322,639,347,706,330,712,306,645,0.41847645 12,52,53,79,5,48,52,53,63,17,79,12,68,0.42999097 91,70,131,90,5,129,70,131,82,93,90,91,78,0.59 93,81,137,101,5,135,81,137,91,96,101,93,90,0.52215909 100,102,135,120,5,132,102,135,113,103,120,100,109,0.59206349 113,135,155,157,5,152,135,155,145,117,157,113,146,0.48106061 123,156,158,177,5,155,156,158,165,126,177,123,168,0.44081633 128,161,166,183,5,162,161,166,170,132,183,128,175,0.41028708 272,559,328,646,5,300,559,328,636,300,646,272,569,0.5 301,567,344,633,5,322,567,344,625,324,633,301,574,0.4820296 289,792,339,864,5,318,792,339,801,311,864,289,854,0.44847222
/mnt/Ship2020/JPEGImages/1043.tif 315,147,457,262,4,330,147,457,241,441,262,315,169,0.255297 169,959,253,1024,5,185,959,253,989,238,1024,169,995,0.52912088
/mnt/Ship2020/JPEGImages/1044.tif 502,334,553,378,4,513,334,553,363,542,378,502,349,0.40953654 364,737,545,1048,3,484,737,545,762,425,1048,364,1023,0.3632197 523,833,599,873,4,530,833,599,854,592,873,523,852,0.47960526
/mnt/Ship2020/JPEGImages/1045.tif 336,225,545,605,3,484,225,545,250,397,605,336,579,0.3197998 399,563,474,634,4,414,563,474,616,459,634,399,582,0.35633803 523,321,599,361,4,530,321,599,342,592,361,523,340,0.47960526
/mnt/Ship2020/JPEGImages/1046.tif 399,51,475,122,4,414,51,475,104,459,122,399,70,0.35822832 480,414,607,617,4,570,414,607,432,517,617,480,600,0.32731469
/mnt/Ship2020/JPEGImages/1047.tif 370,830,562,1013,4,535,830,562,858,398,1013,370,984,0.25435451
/mnt/Ship2020/JPEGImages/1048.tif 712,309,1050,501,3,1023,309,1050,379,740,501,712,431,0.38661859
/mnt/Ship2020/JPEGImages/1049.tif 499,243,616,374,4,520,243,616,356,594,374,499,262,0.27308019 862,132,938,207,4,878,132,938,190,922,207,862,149,0.34175439 831,285,901,353,4,844,285,901,338,887,353,831,301,0.33287815 904,936,1004,1051,5,957,936,1004,965,952,1051,904,1023,0.4873913 456,752,726,883,2,715,752,726,779,467,883,456,856,0.23005372 461,931,686,1052,4,673,931,686,961,474,1052,461,1022,0.27706152
/mnt/Ship2020/JPEGImages/105.tif 658,632,1029,740,3,665,632,1029,660,1023,740,658,712,0.73230508 741,823,783,873,4,757,823,783,862,766,873,741,835,0.44214286
/mnt/Ship2020/JPEGImages/1050.tif 844,473,1060,686,3,1022,473,1060,510,882,686,844,649,0.28851504 563,732,802,970,3,766,732,802,769,599,970,563,933,0.259256
/mnt/Ship2020/JPEGImages/1051.tif 845,0,1029,187,3,991,0,1029,36,883,187,845,150,0.32108812 563,233,802,471,3,766,233,802,270,599,471,563,434,0.259256
/mnt/Ship2020/JPEGImages/1052.tif 436,201,570,305,4,555,201,570,224,450,305,436,283,0.27773393 204,388,290,457,4,277,388,290,408,216,457,204,438,0.34580384 128,444,204,507,4,192,444,204,462,139,507,128,490,0.34502924 190,371,275,445,4,261,371,275,388,204,445,190,428,0.31875994
/mnt/Ship2020/JPEGImages/1053.tif 567,468,664,639,4,617,468,664,482,614,639,567,625,0.48706819 526,897,583,948,4,537,897,583,935,571,948,526,911,0.35964912 544,734,596,765,5,549,734,596,752,591,765,544,747,0.43486352 541,768,585,791,5,545,768,585,779,581,791,541,780,0.51778656 529,795,574,822,5,534,795,574,807,570,822,529,809,0.52962963
/mnt/Ship2020/JPEGImages/1054.tif 706,13,789,85,4,722,13,789,64,772,85,706,35,0.37868139 904,35,991,136,2,974,35,991,50,921,136,904,121,0.28587686
/mnt/Ship2020/JPEGImages/1055.tif 116,799,194,945,4,153,799,194,934,158,945,116,809,0.47255883 106,851,152,946,5,129,851,152,940,130,946,106,856,0.49038902
/mnt/Ship2020/JPEGImages/1056.tif 116,287,194,433,4,152,287,194,422,158,433,116,297,0.4670706 108,334,151,435,5,131,334,151,430,128,435,108,339,0.53142989
/mnt/Ship2020/JPEGImages/1057.tif 551,171,688,269,5,570,171,688,226,669,269,551,214,0.45575749 870,754,906,798,4,895,754,906,762,881,798,870,790,0.37626263
/mnt/Ship2020/JPEGImages/1058.tif 735,394,1110,1055,3,1022,394,1110,434,823,1055,735,1014,0.26718104 869,242,906,286,4,894,242,906,250,881,286,869,278,0.38820639
/mnt/Ship2020/JPEGImages/1059.tif 0,812,265,1068,3,43,812,265,1022,221,1068,0,857,0.28353479 318,82,356,122,4,345,82,356,93,328,122,318,112,0.39375 337,104,363,134,4,356,104,363,110,343,134,337,129,0.34166667 344,113,371,140,4,365,113,371,119,350,140,344,134,0.34567901 368,130,401,164,4,393,130,401,136,375,164,368,157,0.3315508 385,149,413,179,4,405,149,413,156,392,179,385,171,0.38392857 375,145,403,173,4,397,145,403,151,382,173,375,166,0.3565051 422,203,453,235,4,430,203,453,225,445,235,422,213,0.40927419 511,3,535,41,4,524,3,535,7,523,41,511,38,0.48300439 523,9,547,45,4,539,9,547,13,532,45,523,40,0.390625 532,12,554,48,4,547,12,554,15,539,48,532,45,0.34848485 544,16,569,52,4,561,16,569,19,552,52,544,49,0.35 551,19,576,57,4,567,19,576,24,560,57,551,53,0.39315789 565,29,587,63,4,578,29,587,33,574,63,565,59,0.43048128 575,26,597,64,4,588,26,597,30,584,64,575,60,0.42822967 635,73,665,85,4,664,73,665,84,636,85,635,74,0.88888889 627,96,668,107,4,667,96,668,105,627,107,627,97,0.85476718 631,87,668,99,4,667,87,668,96,631,99,631,91,0.7027027 674,153,711,168,4,711,153,711,165,675,168,674,155,0.82432432 670,172,713,194,4,711,172,713,190,671,194,670,176,0.79598309 686,200,713,210,4,686,200,713,200,713,210,686,210,1.0 699,223,723,232,4,699,223,723,223,723,232,699,232,1.0
/mnt/Ship2020/JPEGImages/106.tif 658,120,1029,228,3,665,120,1029,148,1023,228,658,200,0.73230508 738,309,786,362,4,755,309,786,349,768,362,738,323,0.43356918
/mnt/Ship2020/JPEGImages/1060.tif 0,247,119,375,4,19,247,119,356,99,375,0,266,0.26365546 366,132,442,207,4,382,132,442,190,426,207,366,149,0.34175439 335,285,405,353,4,348,285,405,338,391,353,335,301,0.33287815 733,890,799,976,4,775,890,799,904,757,976,733,962,0.40803383 409,936,509,1051,5,461,936,509,965,456,1051,409,1023,0.4873913 5,752,230,865,2,219,752,230,779,17,865,5,837,0.26959685 10,930,188,1023,4,177,930,188,962,21,1023,10,991,0.36335629 731,159,767,203,4,753,159,767,168,745,203,731,194,0.43434343
/mnt/Ship2020/JPEGImages/1061.tif 332,0,548,210,3,510,0,548,37,370,210,332,172,0.29166667 51,256,290,494,3,254,256,290,293,87,494,51,457,0.259256
/mnt/Ship2020/JPEGImages/1062.tif 55,0,142,140,4,94,0,142,14,102,140,55,126,0.53678161 14,398,71,449,4,26,398,71,436,60,449,14,412,0.35964912 194,538,277,610,4,210,538,277,589,260,610,194,560,0.37868139 392,560,480,661,2,462,560,480,575,410,661,392,646,0.29230423 32,235,84,266,5,37,235,84,253,79,266,32,248,0.43486352 29,269,73,292,5,33,269,73,280,69,292,29,281,0.51778656 17,296,62,323,5,22,296,62,308,58,323,17,310,0.52962963
/mnt/Ship2020/JPEGImages/1063.tif 567,676,628,757,5,593,676,628,689,602,757,567,744,0.55009107 605,702,642,758,5,622,702,642,709,625,758,605,751,0.53040541 621,725,646,761,5,637,725,646,730,630,761,621,756,0.39888889 571,667,597,706,5,587,667,597,672,582,706,571,701,0.42850099 557,710,580,746,5,572,710,580,714,564,746,557,743,0.35990338 835,759,857,793,5,843,759,857,788,848,793,835,763,0.41644385 505,837,539,857,5,509,837,539,847,535,857,505,847,0.5
/mnt/Ship2020/JPEGImages/1064.tif 319,563,702,768,3,678,563,702,623,342,768,319,709,0.31598421
/mnt/Ship2020/JPEGImages/1065.tif 889,880,993,956,4,979,880,993,903,903,956,889,933,0.35576923
/mnt/Ship2020/JPEGImages/1066.tif 889,368,993,443,4,979,368,993,390,903,443,889,421,0.34897436
/mnt/Ship2020/JPEGImages/1067.tif 728,760,932,1057,5,860,760,932,795,800,1057,728,1022,0.38760151 39,684,177,781,5,59,684,177,739,157,781,39,726,0.45241297
/mnt/Ship2020/JPEGImages/1068.tif 727,247,932,545,5,861,247,932,284,797,545,727,509,0.3821411 39,172,177,269,5,59,172,177,227,157,269,39,214,0.45241297 358,754,394,798,4,383,754,394,762,369,798,358,790,0.37626263
/mnt/Ship2020/JPEGImages/1069.tif 185,380,618,1074,3,518,380,618,432,285,1074,185,1023,0.2708784 358,243,394,286,4,383,243,394,250,369,286,358,279,0.36886305
/mnt/Ship2020/JPEGImages/107.tif 146,120,642,237,3,153,120,642,159,636,237,146,199,0.66645988 223,310,270,361,4,244,310,270,347,249,361,223,324,0.47601168
/mnt/Ship2020/JPEGImages/1070.tif 2,332,121,494,5,81,332,121,356,43,494,2,470,0.38764395 271,0,424,228,4,386,0,424,20,308,228,271,208,0.28981768 251,543,401,737,4,349,543,401,574,303,737,251,706,0.3956701 81,553,165,646,4,122,553,165,579,124,646,81,620,0.50524834 19,509,131,652,4,85,509,131,534,64,652,19,626,0.43968531 580,433,614,479,4,604,433,614,440,590,479,580,472,0.35677749 138,285,164,320,5,154,285,164,290,148,320,138,315,0.41758242
/mnt/Ship2020/JPEGImages/1071.tif 96,683,347,925,3,312,683,347,722,132,925,96,887,0.25552336
/mnt/Ship2020/JPEGImages/1072.tif 578,257,828,507,3,793,257,828,292,613,507,578,472,0.2408
/mnt/Ship2020/JPEGImages/1073.tif 842,616,955,678,4,850,616,955,656,946,678,842,639,0.3835284
/mnt/Ship2020/JPEGImages/1074.tif 844,104,957,166,4,852,104,957,144,948,166,844,127,0.3835284 57,676,118,757,5,83,676,118,689,92,757,57,744,0.55009107 95,702,132,758,5,112,702,132,709,115,758,95,751,0.53040541 111,725,136,761,5,127,725,136,730,120,761,111,756,0.39888889 61,667,87,706,5,77,667,87,672,72,706,61,701,0.42850099 47,710,70,746,5,62,710,70,714,54,746,47,743,0.35990338 325,759,347,793,5,333,759,347,789,338,793,325,764,0.41644385 0,837,29,857,5,3,837,29,846,25,857,0,848,0.53793103
/mnt/Ship2020/JPEGImages/1075.tif 57,164,118,245,5,83,164,118,177,92,245,57,232,0.55009107 96,191,132,246,5,113,191,132,197,115,246,96,240,0.52171717 111,213,136,249,5,127,213,136,218,120,249,111,244,0.39888889 61,156,87,194,5,76,156,87,160,72,194,61,189,0.44129555 47,198,70,234,5,62,198,70,202,54,234,47,231,0.35990338 325,247,347,281,5,333,247,347,277,338,281,325,252,0.41644385 0,326,29,345,5,3,326,29,335,25,345,0,336,0.5199637
/mnt/Ship2020/JPEGImages/1076.tif 377,368,480,444,4,467,368,480,391,390,444,377,421,0.35245273 804,256,878,351,5,833,256,878,333,849,351,804,274,0.43285917 837,377,907,471,5,863,377,907,455,881,471,837,393,0.41519757
/mnt/Ship2020/JPEGImages/1077.tif 591,531,701,629,4,608,531,701,607,683,629,591,554,0.3156308 338,860,420,924,4,350,860,420,905,407,924,338,878,0.35337271
/mnt/Ship2020/JPEGImages/1078.tif 591,19,701,117,4,608,19,701,95,683,117,591,42,0.3156308 338,348,420,412,4,350,348,420,393,407,412,338,366,0.35337271 371,522,456,594,4,385,522,456,575,443,594,371,542,0.34362745 701,617,806,699,4,714,617,806,677,793,699,701,639,0.32566783 476,944,504,984,4,492,944,504,950,488,984,476,978,0.45
/mnt/Ship2020/JPEGImages/1079.tif 372,10,457,82,4,385,10,457,63,443,82,372,30,0.34362745 701,105,806,187,4,714,105,806,165,793,187,701,127,0.32566783 472,432,504,470,4,492,432,504,440,484,470,472,462,0.42763158
/mnt/Ship2020/JPEGImages/108.tif 476,387,688,592,4,657,387,688,420,506,592,476,560,0.25678785
/mnt/Ship2020/JPEGImages/1080.tif 704,603,802,741,5,754,603,802,624,751,741,704,721,0.48924135 217,759,420,1057,5,349,759,420,795,288,1057,217,1021,0.38605482 656,590,753,756,5,721,590,753,604,688,756,656,742,0.358589
/mnt/Ship2020/JPEGImages/1081.tif 792,678,908,1019,3,843,678,908,687,858,1019,792,1009,0.56105268
/mnt/Ship2020/JPEGImages/1082.tif 66,769,316,1019,3,281,769,316,804,101,1019,66,984,0.2408
/mnt/Ship2020/JPEGImages/1083.tif 65,257,315,507,3,280,257,315,292,100,507,65,472,0.2408
/mnt/Ship2020/JPEGImages/1084.tif 463,605,497,730,4,466,605,497,606,494,730,463,729,0.90517647 578,441,623,601,2,606,441,623,598,596,601,578,443,0.60763889 597,628,642,771,2,623,628,642,767,616,771,597,632,0.57342657 873,762,921,968,2,903,762,921,965,891,968,873,765,0.62135922 526,120,543,159,4,538,120,543,157,532,159,526,121,0.66289593 483,223,493,241,4,483,223,493,223,493,241,483,241,1.0
/mnt/Ship2020/JPEGImages/1085.tif 329,616,443,678,4,338,616,443,656,434,678,329,639,0.38455008
/mnt/Ship2020/JPEGImages/1086.tif 422,389,830,670,3,790,389,830,458,463,670,422,600,0.2974932 322,889,395,985,5,354,889,395,968,363,985,322,906,0.46018836 297,776,360,857,5,323,776,360,843,334,857,297,790,0.44287674 336,857,432,977,5,369,857,432,955,399,977,336,879,0.40104167
/mnt/Ship2020/JPEGImages/1087.tif 423,0,737,226,3,697,0,737,69,463,226,423,156,0.35656107 294,331,362,412,5,321,331,362,395,336,412,294,347,0.43464052 320,445,401,544,5,358,445,401,524,362,544,320,466,0.48553436 336,417,434,533,5,373,417,434,508,397,533,336,442,0.43033075
/mnt/Ship2020/JPEGImages/1088.tif 486,761,862,1010,3,518,761,862,949,829,1010,486,822,0.28906584
/mnt/Ship2020/JPEGImages/1089.tif 486,249,862,498,3,518,249,862,438,829,498,486,310,0.28740494
/mnt/Ship2020/JPEGImages/109.tif 614,657,643,743,4,634,657,643,740,623,743,614,660,0.67642342 634,864,662,953,4,655,864,662,952,641,953,634,865,0.74438202 638,966,669,1025,5,664,966,669,1023,643,1025,638,969,0.81000547 664,965,690,1025,5,684,965,690,1022,670,1025,664,967,0.74679487
/mnt/Ship2020/JPEGImages/1090.tif 79,19,189,117,4,96,19,189,95,171,117,79,42,0.3156308 189,617,294,699,4,202,617,294,677,280,699,189,639,0.32787456
/mnt/Ship2020/JPEGImages/1091.tif 189,105,294,187,4,202,105,294,165,280,187,189,127,0.32787456 774,975,815,1024,4,800,975,815,1014,789,1024,774,985,0.57939273
/mnt/Ship2020/JPEGImages/1092.tif 280,678,396,1019,3,330,678,396,687,346,1019,280,1009,0.56512286
/mnt/Ship2020/JPEGImages/1093.tif 683,658,736,786,2,704,658,736,780,715,786,683,664,0.40595519 70,948,101,1024,5,95,948,101,1023,76,1024,70,949,0.7983871 15,633,29,665,4,26,633,29,663,19,665,15,635,0.71875
/mnt/Ship2020/JPEGImages/1094.tif 66,441,111,601,2,94,441,111,598,84,601,66,443,0.60763889 85,628,130,771,2,111,628,130,767,104,771,85,632,0.57342657 361,762,409,968,2,391,762,409,965,379,968,361,765,0.62135922 683,146,736,273,2,704,146,736,268,715,273,683,151,0.40439756 18,123,28,158,4,18,123,28,123,28,158,18,158,1.0
/mnt/Ship2020/JPEGImages/1095.tif 423,111,539,398,5,494,111,539,387,467,398,423,123,0.60705275
/mnt/Ship2020/JPEGImages/1096.tif 868,0,1059,134,4,1037,0,1059,35,889,134,868,98,0.31784793 0,422,357,675,3,316,422,357,492,39,675,0,605,0.32672357
/mnt/Ship2020/JPEGImages/1097.tif 0,768,377,1010,3,31,768,377,950,346,1010,0,828,0.28938773
/mnt/Ship2020/JPEGImages/1098.tif 171,146,224,274,2,192,146,224,268,203,274,171,152,0.40595519
/mnt/Ship2020/JPEGImages/1099.tif 697,441,728,525,4,701,441,728,443,724,525,697,523,0.85330261 75,459,98,506,5,85,459,98,462,88,506,75,503,0.55689177 936,802,973,841,4,952,802,973,814,957,841,936,829,0.52598753
/mnt/Ship2020/JPEGImages/11.tif 319,449,367,538,5,342,449,367,531,345,538,319,455,0.47331461 341,435,394,519,5,372,435,394,510,362,519,341,445,0.5730009 312,507,346,551,4,328,507,346,515,330,551,312,543,0.51871658 378,462,409,502,4,394,462,409,495,392,502,378,470,0.52016129
/mnt/Ship2020/JPEGImages/110.tif 614,145,643,231,4,634,145,643,228,623,231,614,148,0.67642342 634,351,662,441,4,655,351,662,439,641,441,634,353,0.73888889 638,455,674,547,5,665,455,674,545,647,547,638,457,0.73913043 664,452,693,540,5,684,452,693,538,673,540,664,454,0.68103448 720,917,746,989,4,722,917,746,918,743,989,720,989,0.89823718 666,743,684,786,4,681,743,684,786,668,786,666,744,0.85271318 676,873,695,916,4,676,873,695,873,695,916,676,916,1.0
/mnt/Ship2020/JPEGImages/1100.tif 421,837,704,1030,3,678,837,704,879,447,1030,421,987,0.27161794
/mnt/Ship2020/JPEGImages/1101.tif 421,324,704,519,3,679,324,704,367,447,519,421,476,0.27087977
/mnt/Ship2020/JPEGImages/1102.tif 835,607,888,686,4,853,607,888,677,871,686,835,615,0.36673036
/mnt/Ship2020/JPEGImages/1103.tif 592,427,738,623,4,704,427,738,448,627,623,592,601,0.29415362
/mnt/Ship2020/JPEGImages/1104.tif 323,95,376,174,4,341,95,376,165,359,174,323,103,0.36673036
/mnt/Ship2020/JPEGImages/1105.tif 483,174,553,280,4,530,174,553,186,507,280,483,268,0.37291105
/mnt/Ship2020/JPEGImages/1106.tif 844,265,923,334,4,907,265,923,285,860,334,844,314,0.37497707
/mnt/Ship2020/JPEGImages/1107.tif 100,545,161,684,4,130,545,161,552,130,684,100,678,0.5
/mnt/Ship2020/JPEGImages/1108.tif 655,755,921,1069,3,860,755,921,802,715,1069,655,1023,0.30816891
/mnt/Ship2020/JPEGImages/1109.tif 503,563,600,717,4,529,563,600,704,575,717,503,575,0.30137903 659,850,716,930,5,678,850,716,921,697,930,659,859,0.37083333
/mnt/Ship2020/JPEGImages/111.tif 720,405,746,477,4,722,405,746,406,743,477,720,477,0.89823718 729,485,753,552,4,750,485,753,551,733,552,729,485,0.8488806 665,232,682,267,4,681,232,682,267,666,267,665,232,0.94117647 674,359,696,401,4,692,359,696,400,679,401,674,361,0.77435065
/mnt/Ship2020/JPEGImages/1110.tif 566,383,642,508,4,619,383,642,393,590,508,566,497,0.34126316
/mnt/Ship2020/JPEGImages/1111.tif 910,803,1005,959,4,972,803,1005,818,942,959,910,945,0.37145749
/mnt/Ship2020/JPEGImages/1112.tif 954,870,1039,936,5,1023,870,1039,902,970,936,954,904,0.49055258 942,839,1029,905,5,1014,839,1029,867,958,905,942,876,0.45611285 844,914,904,963,5,892,914,904,933,857,963,844,943,0.44047619 790,940,828,970,5,823,940,828,951,795,970,790,960,0.38947368 687,995,738,1040,5,725,995,738,1015,700,1040,687,1020,0.47276688 894,887,964,947,5,946,887,964,914,911,947,894,919,0.47916667
/mnt/Ship2020/JPEGImages/1113.tif 954,358,1039,424,5,1023,358,1039,390,970,424,954,392,0.49055258 942,327,1029,393,5,1014,327,1029,355,958,393,942,364,0.45611285 844,402,904,451,5,892,402,904,421,857,451,844,431,0.44047619 790,428,829,458,5,823,428,829,438,795,458,790,448,0.38034188 684,482,737,526,5,725,482,737,505,696,526,684,503,0.51243568 640,533,675,557,5,671,533,675,542,644,557,640,548,0.40357143 891,378,962,436,5,947,378,962,405,905,436,891,410,0.47450219 891,369,947,412,5,938,369,947,389,900,412,891,392,0.4763289 645,541,681,565,4,676,541,681,552,650,565,645,554,0.46990741
/mnt/Ship2020/JPEGImages/1114.tif 640,20,675,45,5,671,20,675,30,644,45,640,35,0.42285714 115,864,149,908,5,128,864,149,901,137,908,115,870,0.40675134 642,21,686,55,5,678,21,686,32,650,55,642,44,0.38770053
/mnt/Ship2020/JPEGImages/1115.tif 101,132,279,254,4,262,132,279,163,117,254,101,224,0.29634831
/mnt/Ship2020/JPEGImages/1116.tif 54,383,130,508,4,107,383,130,393,78,508,54,497,0.34126316
/mnt/Ship2020/JPEGImages/1117.tif 361,729,450,887,4,419,729,450,742,391,887,361,875,0.3675864
/mnt/Ship2020/JPEGImages/1118.tif 167,42,271,163,4,251,42,271,58,187,163,167,147,0.27368086
/mnt/Ship2020/JPEGImages/1119.tif 736,750,862,864,5,834,750,862,783,765,864,736,830,0.38711362
/mnt/Ship2020/JPEGImages/112.tif 731,0,753,40,4,750,0,753,39,733,40,731,1,0.86704545 745,629,784,760,4,769,629,784,758,760,760,745,631,0.61186142